2510
9282
5570
3534
3917
1508
9619
8964
8175
1460
3950
9090
1300
8433
3466
4816
1209
972
2559
153
7959
3509
8301
315
8257
7932
8497
1610
2914
9522
238
5305
2934
5412
7310
4765
2098
5511
9493
4337
6624
1045
4806
9472
4008
8573
3246
7698
9797
1767
6206
4034
5691
1714
9044
9241
392
448
8781
5029
7130
3925
5274
1425
5795
3377
7823
4332
5536
7379
1874
9157
8680
1633
8403
5733
3190
3142
4818
980
3632
4523
4129
6377
4082
9333
964
7237
7780
3838
1631
1173
6457
1301
5195
5291
2189
700
1859
7214
7629
4454
2239
9719
3887
2489
4142
7962
2969
8500
3751
6201
9494
6378
5949
6346
5379
2675
3563
2180
6563
8108
3322
5450
2297
239
2736
5455
4542
3447
7914
1994
3161
4253
921
1423
9190
2527
826
8461
3624
1796
8938
7379
7210
7820
5991
1954
1321
5194
5617
8416
4981
9695
5982
193
4616
5998
3218
405
8587
1140
5524
7811
1739
6400
766
9659
2141
1890
3960
9078
2164
2621
4528
5181
7447
7368
2747
3182
9419
2238
972
9873
8940
6791
1328
9876
5445
5823
778
6526
688
8157
2871
4526
2962
3829
8616
2855
7157
8537
2717
487
4725
3545
5429
3622
5228
4409
9872
2972
8770
8370
4721
570
4031
4888
5529
9932
7941
2042
3555
1659
4895
2078
9682
2552
981
175
3264
5514
7348
2362
4003
9948
735
4687
4468
1837
338
8048
1618
2873
847
9020
3589
8843
7900
7782
3166
833
2784
7703
1504
1306
6614
8147
304
629
9120
4641
2938
3293
5614
117
4231
2054
7718
5996
9195
4921
3160
6443
2542
1900
9263
3604
1551
4854
5791
7538
3450
9913
3977
3783
3241
6079
2740
571
2155
4885
9730
386
3871
6631
5823
2446
1709
9165
6649
5332
4642
7660
1699
9646
6236
4403
3491
2372
1468
587
2347
8343
7822
2083
6034
9333
3371
6818
5672
3267
9570
6650
3472
3364
2451
6132
2799
2863
3053
2390
8975
5957
3659
2118
5662
1124
7613
6199
8215
3161
56
3454
1360
7733
9254
8698
1219
2349
1695
2780
1711
6775
6701
4980
4684
4328
995
6710
8420
8670
7279
8151
542
6401
5869
3006
7994
9636
6315
487
9427
6916
5225
8947
499
2152
7825
4128
6081
726
396
9130
4991
5467
6201
4701
5534
514
8709
901
5940
6212
385
1387
3479
2654
9555
6702
7397
1587
9881
7108
128
9552
2561
2612
8582
5118
3469
2617
8207
3644
9477
6854
7201
8244
7289
7309
1445
8918
4209
8199
7194
8182
9393
1156
1373
3082
3213
1874
2708
4811
770
6480
3048
1960
9366
222
4675
7447
4957
3376
6303
4704
2080
3557
3027
2827
4437
4461
8345
3297
9541
9000
1967
856
7805
4595
9792
1215
5888
540
5694
3016
8132
8113
1856
3861
2956
8732
2097
4717
1876
9912
644
5515
2695
2171
4995
149
2067
5842
9198
7222
7280
4576
9072
8237
7025
5887
4754
6458
7913
2447
2027
9702
6661
2516
5184
266
513
4793
3509
2386
4250
3099
9186
2501
449
6449
8510
6068
1033
921
2035
5726
3145
4301
5665
6001
4002
3851
8608
1511
5158
1540
8107
385
7734
2356
9953
723
8368
1565
14
5405
4392
6607
6899
8231
4162
6106
2059
8619
8023
1791
4670
5530
4945
709
3216
4457
4541
3510
6997
7366
8715
7387
1228
3747
6680
526
5347
9697
8435
1072
8483
7113
2230
3827
2556
3975
8430
1234
8888
1272
2150
8983
2671
2307
9214
4552
608
2813
1173
5144
7533
3867
6832
2174
6059
2522
4842
3249
5864
5017
9736
135
6198
8278
8450
5155
5400
1234
8913
1759
2396
4458
4904
6704
4936
4693
3372
838
1170
8773
7565
1802
4206
6547
6641
7854
2242
5213
8336
6051
8176
1431
5692
9542
5389
4330
2885
3547
1137
164
6601
3227
8123
6397
2154
8495
964
3116
4598
6840
103
3556
5320
331
5925
1932
4466
1641
7743
175
4940
6841
2975
757
5798
5882
3248
4948
2396
5200
1384
5332
543
1647
5866
1755
8359
7175
3663
6679
6007
507
5858
7861
5135
8878
6754
1903
5706
3185
5331
3230
6981
121
9410
6872
5671
6203
3360
573
2084
5112
4350
2922
4777
9522
9423
6046
5794
7129
3576
7552
2341
6770
4204
1587
7283
3171
9387
6046
2053
3447
1233
2715
147
94
5259
8021
9787
9924
4035
3704
2801
1414
325
1003
6037
1688
3017
4869
6283
6033
1615
7252
8604
8796
4620
765
696
1018
1875
9120
6188
8569
8145
3262
8228
2272
2774
9126
9696
1714
9168
7447
7144
6102
7977
8260
6269
3086
1399
741
2577
1683
5023
2185
5057
463
5805
1341
152
3740
5229
9685
1581
5921
3814
9564
3135
2909
6098
6962
606
3346
7255
9499
7978
5491
3790
9930
3822
6941
4125
5031
8400
6664
6731
5715
668
9079
8738
5512
5442
5461
6922
885
1692
631
3031
8713
567
6337
2565
5405
5614
8678
9165
5633
7107
5484
1406
6819
9843
7200
3755
5319
6220
1831
3924
6501
5017
5678
4420
1641
8439
6597
4949
3416
7567
3512
1072
1616
4592
5484
3569
5089
5995
7323
671
6919
3526
7862
135
3090
1157
4193
7878
5207
6267
5006
800
73
5235
2594
2914
6688
239
5885
2107
445
3658
6997
8356
9376
4883
4466
7849
4310
5494
6021
941
8751
4145
2452
8100
8397
2365
9389
8582
5093
3924
6845
6832
4644
5118
2061
8036
870
3056
1523
2794
3715
5631
9076
1671
3641
8428
4480
9268
1698
8435
8649
6361
5691
951
6639
4561
6816
5782
1409
3859
7610
3443
1174
368
8650
3302
907
2108
4139
7414
6734
109
8468
7098
8517
9643
3102
8729
5990
4181
7860
6609
8795
8106
8770
9715
9508
5356
6915
6694
5904
3491
9998
9592
9233
8715
3931
6669
2220
5909
1010
6409
589
8837
168
9659
9250
6846
8591
8965
5588
1773
2922
1650
5137
3443
7498
9576
7626
4539
6793
769
8917
945
910
7284
1808
9335
546
4084
1709
7758
7000
987
2364
1493
7183
7551
6819
7930
9279
374
6681
1155
6705
9549
3944
3058
3807
3163
6302
6838
9955
6902
5644
7101
9464
6947
8966
3433
5537
9508
927
1095
8411
7842
9926
4662
7355
6773
7503
8038
1847
1194
5765
2101
5829
7530
7599
8510
3439
1240
8275
8150
7995
8888
4276
4675
4794
2213
8406
5002
8890
3473
7852
4369
8342
1806
2474
6650
8147
2953
9695
5211
2629
7566
7385
276
7546
3819
9074
8458
5778
872
7996
3652
5305
2658
5826
9491
2525
6652
236
3987
9317
7150
408
2746
839
4042
3201
1854
2544
515
6574
9722
5734
987
272
5033
621
5104
5885
939
2290
992
3527
8451
9282
8315
8089
8773
5241
5802
6687
1312
2370
7797
1004
7115
6933
6251
4696
6864
3962
2400
1854
8679
3004
9184
1029
3466
2502
5751
2066
4781
8111
761
6444
9629
135
7549
8297
4515
5338
631
9460
8137
1959
684
4610
1265
1831
2433
6864
7253
8900
7251
7209
9876
3113
9207
1277
7158
7821
7902
8093
6090
3168
3716
5727
1713
1839
2925
8677
3615
2855
6695
2864
3113
9212
4399
9612
2536
1230
6880
1951
1798
1587
6552
434
9801
8687
912
5377
5057
1064
1125
9238
3465
7859
4632
404
1615
2451
298
124
947
1538
1324
7843
1824
6254
2944
574
8285
1817
4407
9988
5366
1396
6867
6124
3599
8985
2335
580
2779
1588
2635
1060
5578
5466
9473
2803
9630
2632
3698
2517
7760
3273
2643
7621
3183
2304
2019
1948
3694
3766
3877
1346
2174
5717
9692
7220
9154
5021
2069
9520
5024
8538
5767
92
2027
7760
9664
4007
84
6839
7905
4650
3535
331
3372
9654
7634
174
4797
600
5342
2268
2691
9010
257
2370
9993
4225
5288
4628
1492
1355
9165
1886
2207
9884
465
8099
9722
8829
8001
9565
8356
6552
3466
7541
1942
1569
8711
8586
472
7179
8036
2200
4062
8071
6065
4671
2063
9650
5278
2468
4325
9884
1875
8888
9258
2310
7688
4486
931
7110
9922
948
3926
7075
6998
2621
6924
5642
5324
6854
6600
4070
5858
765
7979
6326
5570
1129
9786
5090
9424
4201
3140
6676
6467
1038
6140
876
9092
3978
2956
7602
7233
3027
9353
3611
991
8205
5488
1184
332
2310
1821
2858
18
6939
8011
7717
5526
4274
306
4964
2857
6959
6051
6221
791
9835
1583
51
2791
4843
1997
5536
4001
5314
1068
1286
4000
2065
3929
25
12
4195
5233
8582
9887
5907
6941
4680
5066
1900
9342
6694
7648
6234
1529
5909
6909
6897
5641
9728
544
2398
4457
6625
2770
4846
2338
5522
709
5245
3709
7642
2126
4157
3623
1789
4159
451
8067
1760
325
8091
2576
3803
847
2680
8060
4444
9493
4233
4760
7834
8469
3875
3890
1071
8834
5059
1170
1042
3349
595
41
8038
6031
1491
6774
2515
1194
6768
6576
9738
5430
6991
2044
9940
7920
1487
2639
8994
5298
9706
3588
2257
9494
2290
4297
3263
608
5393
7749
534
590
9396
1129
8703
1684
5743
5288
2475
8358
1202
8399
2440
6014
8504
2458
1813
7544
4957
928
8733
6769
596
7974
7466
46
5113
4886
3983
7642
8053
2054
5816
1791
8952
1012
8956
2795
6710
6489
7262
1177
7882
3803
3142
9323
6626
4188
5273
1271
2052
4512
1779
2641
4580
9356
5021
3400
1088
9615
8629
5943
3581
3465
9727
9451
4031
6406
9339
7727
7543
9077
6491
9982
5673
70
7826
2018
1113
1818
4928
9051
8460
8307
9635
5885
9601
2714
3997
3771
5232
8203
3567
8336
9132
782
7400
7826
5190
9458
8599
174
7488
5211
1080
7284
2341
710
279
5920
4388
8864
3909
3191
4722
1345
4365
6168
3420
4628
4970
8865
3624
3306
9485
2111
9947
703
3926
9690
4103
9696
2533
3954
6680
9295
662
1635
8917
6861
7337
9225
3759
6941
5714
537
8986
318
6254
9201
4038
7397
4857
1699
648
1890
393
9671
9788
3867
7556
3262
5196
245
3312
3596
6524
3838
8059
2425
6828
1028
692
5957
1897
3212
1062
9834
9835
3027
8563
1592
6232
6328
2539
9371
8757
7805
8138
4806
9354
9015
1602
6061
3782
5873
5341
3084
2320
7243
8090
1269
8047
7415
3560
529
7164
9450
3040
6473
6989
9362
2737
8603
8840
4339
4478
4337
7016
290
6108
4943
2758
8625
6487
5945
561
4645
6999
3872
252
384
806
2422
5872
748
8978
992
2585
995
4246
4053
9191
9225
1879
8010
6737
9776
123
1810
1174
1381
8868
4804
940
3559
6594
4344
1776
8299
2976
8580
6719
2354
7572
6342
4011
8724
9615
3334
699
2116
5494
2374
886
1747
5319
5332
8455
236
3613
6765
8517
9430
6269
4334
2309
6736
1770
3283
5261
535
1858
4189
3248
3455
7499
9490
5008
8137
5218
98
2666
9141
9839
3944
5047
6909
7645
356
7992
5887
5900
2524
9431
5765
6421
7346
4874
7889
3741
5571
17
1672
3589
7526
9480
3192
8750
2139
1302
839
9021
675
3930
6383
8194
1043
247
9765
746
2369
3374
4107
4308
1587
2285
3751
8953
9689
3297
7918
737
2422
7756
6602
9850
8052
1104
5110
5857
530
4041
1368
1627
6074
7913
4962
9577
6226
5388
6716
9253
5996
2539
6936
594
3822
5974
9202
1816
1070
4963
5356
6375
6603
2315
8212
1684
4531
1861
5769
9910
7974
2463
593
4757
8588
1634
8996
865
2959
7417
5985
2293
7515
9512
9654
60
9912
2736
7106
920
8969
1944
4911
8495
1048
512
7669
7954
2131
7979
428
1386
7578
9137
6111
8399
2355
5952
685
729
5628
2475
9832
5235
6248
2176
9042
9959
2594
2489
2323
8753
1505
6279
4034
114
32
5208
7316
8621
929
723
9025
1218
6405
2832
6112
8072
5856
5955
3805
906
516
6234
5299
8534
3238
4888
3422
8085
4340
4855
9681
8833
6688
679
758
5627
3382
4174
4764
9166
7476
8092
2082
2835
531
8804
6404
4296
5320
977
233
7901
